1|-34.6743928|-58.559914
2|-34.6763316|-58.5626296
3|-34.6387959|-58.563373
4|-34.6383904|-58.5554367
5|-34.6588355|-58.5433095
6|-34.6485011|-58.5489981
7|-34.6469393|-58.5453575
8|-34.6431455|-58.567398
9|-34.6404627|-58.5604782
10|-34.6399382|-58.5548258
11|-34.6641545|-58.525228
12|-34.6696482|-58.5201653
13|-34.6519151|-58.5353071
14|-34.6619378|-58.5561957
15|-34.6623465|-58.5513397
16|-34.6621956|-58.5333077
17|-34.645618|-58.580526
18|-34.6695532|-58.5354648
19|-34.66612|-58.5610468
20|-34.6910279|-58.5441372
21|-34.6756848|-58.5622571
22|-34.6561517|-58.5889813
23|-34.6711512|-58.5749868
24|-34.698673|-58.5646776
25|-34.6781791|-58.5594239
26||
27|-34.6675632|-58.5908921
28|-34.6769826|-58.5922474
29|-34.6975719|-58.5536629
30|-34.6963454|-58.557687
31|-34.6999415|-58.5718608
32|-34.6710537|-58.5850078
33|-34.6662508|-58.5854218
34|-34.6753409|-58.5637501
35|-34.6754526|-58.565382
36||
37|-34.6984333|-58.5097637
38|-34.6966756|-58.5380096
39|-34.6959028|-58.5367395
40|-34.6786006|-58.5364883
41|-34.6910279|-58.5441372
42|-34.7075255|-58.5197735
43|-34.7013479|-58.512206
44|-34.6836768|-58.4992465
45|-34.6893968|-58.5501467
46|-34.7187056|-58.4874354
47|-34.7020088|-58.4762457
48|-34.6978024|-58.4902505
49|-34.702703|-58.492003
50|-34.7212071|-58.5658212
51|-34.7272203|-58.5319959
52|-34.7192689|-58.5238885
53|-34.7186679|-58.528938
54|-34.7299997|-58.5365176
55|-34.7138201|-58.5407876
56|-34.7060641|-58.549195
57|-34.7042591|-58.542685
58|-34.7139342|-58.5577322
59|-34.7173973|-58.5625379
60|-34.7205504|-58.5613489
61|-34.7343488|-58.5272331
62|-34.7008707|-58.6305268
63|-34.7001855|-58.6273732
64|-34.6867355|-58.6044502
65|-34.7080647|-58.6320304
66|-34.6852996|-58.6223991
67|-34.6853815|-58.6224822
68|-34.6922584|-58.6089971
69|-34.7132371|-58.6362771
70|-34.7164299|-58.6288441
71|-34.7075206|-58.6053581
72|-34.6941964|-58.6178297
73|-34.693756|-58.5793045
74|-34.7128018|-58.574848
75|-34.7086614|-58.5776625
76|-34.6969131|-58.5780107
77|-34.7061365|-58.6012258
78|-34.6954463|-58.5998558
79|-34.688437|-58.5900066
80|-34.7004222|-58.5904789
81|-34.7171052|-58.58468
82|-34.7010712|-58.600908
83|-34.7134948|-58.5657074
84|-34.7108065|-58.5940173
85|-34.7118127|-58.5593566
86|-34.7293235|-58.5757241
87|-34.6921252|-58.578337
88|-34.704256|-58.579456
89|-34.7391418|-58.6176054
90|-34.7515843|-58.614053
91|-34.7479492|-58.6307296
92|-34.7338719|-58.6366467
93|-34.7356316|-58.6230641
94|-34.7310182|-58.6461158
95|-34.7508438|-58.5769073
96|-34.7522299|-58.5731173
97|-34.7663598|-58.5926494
98|-34.7606038|-58.5897137
99|-34.7545933|-58.5956015
100|-34.7553173|-58.5825702
101|-34.7507124|-58.5892678
102|-34.7403096|-58.5782983
103|-34.7393352|-58.5777334
104|-34.764576|-58.5765892
105||
106|-34.7339395|-58.5840922
107|-34.7355761|-58.589083
108|-34.7299325|-58.5934254
109|-34.7378389|-58.6008045
110|-34.7462821|-58.6000412
111|-34.7190021|-58.5992133
112|-34.7548655|-58.6091779
113|-34.7299969|-58.6058884
114|-34.7263596|-58.6080395
115|-34.7388138|-58.6110656
116|-34.7336727|-58.6048579
117|-34.7642952|-58.5884433
118|-34.7831662|-58.619989
119|-34.7817196|-58.6130399
120|-34.7650243|-58.6411757
121|-34.7626904|-58.6641134
122|-34.7769733|-58.6376488
123|-34.7611826|-58.609794
124|-34.7634386|-58.632364
125|-34.7672785|-58.6285297
126|-34.7594526|-58.6474271
127|-34.7793192|-58.6199881
128|-34.800022|-58.626099
129|-34.7568916|-58.6394695
130|-34.7793656|-58.7333759
131|-34.7684383|-58.6502636
132|-34.7628326|-58.6183912
133|-34.73049|-58.646778
134|-34.7736445|-58.6467946
135|-34.7570905|-58.6291322
136|-34.7690139|-58.6096167
137|-34.7936028|-58.6161986
138|-34.7996404|-58.6178224
139|-34.7734266|-58.6144099
140|-34.8119457|-58.6240623
141|-34.8001235|-58.6491279
142|-34.8491633|-58.6561611
143|-34.8096027|-58.6350134
144|-34.8239116|-58.6509587
145|-34.8466956|-58.6513501
146|-34.8999532|-58.7063696
147|-34.8688605|-58.678349
148|-34.8262544|-58.6308597
149|-34.8174168|-58.631571
150|-34.8159906|-58.6423875
151|-34.859362|-58.711005
152|-34.8591825|-58.6675535
153|-34.8270101|-58.6363249
154|-34.8364563|-58.6466537
155|-34.8679767|-58.6592667
156|-34.8026885|-58.6417502
157|-34.8377157|-58.646131
158|-34.8303222|-58.667095
